10126424 
10241890 
10132751 
10126426 
10126425 
10126428 
10254053 
10254054 
10254055 
10258010 
10241889 
10254056 
10254057 
10248299 
10248795 
10258011 
10248793 
10246957 
10248796 
10248797 
10254059 
10246959 
10251885 
09446460 
09578103 
09403403 
09418874 
09578104 
09418876 
09446462 
09446464 
09546509 
09563256 
09546513 
09546515 
09546517 
09546518 
09410044 
09594447 
09486625 
09446465 
09446466 
09012459 
09446471 
09446470 
09446473 
09594547 
09546089 
09546088 
09546091 

© 2019 -DiReq Imaging 